,49,50,51,52,53,54,55,56,57,58,59,60,61,62,63,64,65,66,67,68,69,70,71,72,73,74,75,76,77,78,79,80,81,82,83,84,85,86,87,88,89,90,91,92,93,94,95,96
1,-233,35,157,-19,-53,-173,-198,108,-3,70,38,-244,325,400,199,247,187,106,61,160,63,-29,39,-122,288,258,286,278,251,303,434,174,438,261,246,122,331,219,435,334,382,241,241,372,79,151,33,5
2,-62,-29,106,-90,-46,-61,-81,108,-3,70,38,-244,273,372,148,168,171,85,-3,160,142,-29,39,-122,256,240,264,270,243,235,434,250,438,261,246,122,264,403,365,324,308,168,235,303,15,151,33,5
3,-233,42,185,-9,-40,10,-198,108,-3,70,38,-244,372,395,284,273,219,74,48,215,200,34,128,127,52,219,305,316,289,290,492,340,438,261,246,122,299,219,472,314,396,278,228,358,76,151,33,5
4,-233,-77,5,-186,30,42,-10,108,-3,70,38,-244,400,153,50,315,293,153,43,258,193,91,186,114,52,27,54,354,396,339,557,391,218,432,403,291,329,219,223,360,216,253,342,410,133,411,288,201
5,-233,47,5,-186,6,43,-28,432,-3,70,38,-244,156,153,50,72,50,83,53,181,186,83,179,100,52,27,54,111,95,323,542,377,295,426,397,285,154,219,223,312,216,64,253,311,126,339,155,132
6,-233,-77,5,-186,-25,-7,-74,390,-3,70,38,-244,156,153,50,72,50,96,48,169,178,74,143,28,52,27,54,111,95,306,526,305,407,419,390,279,218,219,344,254,216,64,243,316,119,268,149,127
7,-233,-77,5,-186,-147,-173,-198,108,-3,70,38,-244,156,153,50,72,50,-32,-70,233,224,117,220,73,52,27,54,111,95,95,357,405,556,467,440,329,154,219,223,185,216,64,131,197,172,323,143,121
8,-233,-77,5,-186,-147,-173,-198,108,291,314,271,-61,156,153,50,72,50,-32,-70,233,238,76,199,52,52,27,54,111,95,95,357,418,615,503,424,313,154,219,223,185,216,64,248,321,220,313,137,115
9,-233,-77,5,-186,-147,-173,-198,108,262,291,232,-73,156,153,50,72,50,-32,-70,172,172,72,151,-25,52,27,54,111,95,95,357,299,705,418,406,294,154,219,223,185,216,64,131,197,133,242,131,109
10,-233,-77,5,-186,-147,-173,-198,108,-3,70,283,-244,156,153,50,72,50,-32,-70,172,245,151,159,1,52,27,54,111,95,95,357,174,830,436,481,326,154,219,223,185,216,64,255,323,203,275,124,103
11,-233,-77,5,-186,-147,-173,-198,108,215,277,336,-86,156,153,50,72,50,-32,-70,47,307,145,155,-6,52,27,54,111,95,95,357,174,989,507,492,307,154,219,223,185,216,64,131,197,18,275,97,67
12,-233,-77,5,-186,-147,-173,-198,108,241,241,251,-129,156,153,50,72,50,-32,-70,47,187,157,163,-65,52,27,54,111,95,95,357,174,438,261,246,122,154,219,223,185,216,64,131,197,18,151,33,5
13,-201,-80,24,-150,-147,-173,-198,108,-3,70,38,-244,234,213,82,66,64,-32,-70,47,63,-29,39,-122,128,91,85,134,54,114,357,174,438,261,246,122,172,331,276,226,238,140,146,276,18,151,33,5
14,-210,-153,19,-190,-147,-173,-198,108,-3,70,38,-244,175,198,61,76,37,-16,-70,47,63,-29,39,-122,128,43,53,96,80,57,357,174,438,261,246,122,107,251,196,190,203,71,142,208,18,151,33,5
15,-221,-132,14,-133,-147,-173,-198,108,-3,70,38,-244,169,188,66,99,27,-14,-70,47,63,-29,39,-122,128,64,96,128,112,65,357,174,438,261,246,122,150,272,217,186,228,65,138,265,18,151,33,5
16,-233,-16,114,-83,-62,-78,-198,108,-3,70,38,-244,220,295,173,176,128,21,-16,117,96,-29,39,-122,231,128,192,256,240,184,343,174,438,261,246,122,207,291,330,264,276,116,193,258,24,151,33,5
17,-233,-16,5,-64,-72,-89,-100,280,-3,70,38,-244,206,260,171,119,128,21,-16,117,96,-11,71,-122,52,128,256,256,224,173,407,213,204,261,246,122,230,287,276,243,324,129,183,250,19,151,33,96
18,-233,-77,5,-186,-147,-102,-169,228,-3,70,38,-244,156,153,50,72,50,12,-32,85,96,-11,71,-41,52,27,54,256,256,160,381,213,268,305,234,126,154,219,223,197,216,64,172,241,73,234,117,89
19,-233,-77,5,-186,-147,-173,-114,275,176,201,55,-244,156,153,50,72,50,-32,0,149,96,-11,114,-62,52,27,54,111,95,192,437,213,394,341,278,152,154,219,223,246,216,64,193,197,63,226,109,81
20,-233,-77,5,-186,-147,-173,-198,229,40,114,12,-200,156,153,50,72,50,-32,-70,72,64,-43,18,-126,52,27,54,111,95,192,384,192,488,277,227,109,154,219,223,185,216,64,131,197,51,158,41,13
21,-233,-77,5,-186,-147,-173,-198,108,91,162,67,-207,156,153,50,72,50,-32,-70,106,128,21,82,-126,52,27,54,111,95,95,448,256,635,320,291,189,154,219,223,185,216,64,131,197,18,213,97,9
22,-233,-77,5,-186,-147,-173,-198,108,18,86,57,-214,156,153,50,72,50,-32,-70,42,60,-56,31,-195,52,27,54,111,95,95,384,192,681,256,248,82,154,219,223,185,216,64,131,172,38,114,-31,-55
23,-233,-77,5,-186,-147,-173,-198,108,63,123,105,-222,156,153,50,72,50,-32,-70,41,60,5,58,-134,52,27,54,111,95,95,357,228,438,256,304,114,154,219,223,185,216,64,131,197,18,82,28,-55
24,-233,-77,5,-186,-147,-173,-198,108,-3,70,136,-176,156,153,50,72,50,-32,-70,47,108,64,92,-134,52,27,54,111,95,95,357,240,438,305,320,178,154,219,223,185,216,64,131,197,18,140,22,-26
25,-225,-125,8,-211,-200,-173,-242,108,-3,70,38,-244,190,118,40,49,27,8,-85,47,63,-29,39,-122,48,37,-2,54,27,39,357,174,438,261,246,122,118,282,207,217,189,45,102,168,-147,151,33,5
26,-234,-107,2,-211,-200,-181,-242,108,-3,70,38,-244,117,111,33,57,27,4,-85,47,63,-29,39,-122,0,-3,1,45,23,41,357,174,438,261,246,122,94,211,207,167,194,37,96,162,18,151,33,5
27,-257,-124,-62,-254,-245,-274,-198,108,-3,70,38,-244,53,76,-31,-23,-48,-120,-146,-19,63,-29,39,-122,7,-83,-56,18,1,-29,357,174,438,261,246,122,47,164,123,79,141,-13,32,98,-139,134,33,5
28,-298,-141,-62,-275,-241,-300,-300,-41,-110,70,38,-244,2,44,-87,-79,-86,-115,-204,-77,63,-29,39,-122,-43,-74,-45,-23,-45,-13,357,174,438,261,246,122,-22,104,97,69,137,-56,32,69,-184,127,-42,-58
29,-174,-80,-8,-157,-143,-236,-236,82,7,70,38,-244,114,99,32,40,42,-36,-76,51,-1,-29,-33,-122,85,-5,83,118,76,43,242,60,438,261,246,122,94,198,186,123,216,4,115,187,-56,175,16,0
30,-233,-5,36,-170,-150,-211,-179,77,-5,69,38,-244,120,139,50,59,42,-52,-76,36,2,-64,-30,-131,52,27,54,111,156,68,245,127,198,189,246,122,94,219,223,126,216,33,115,188,-5,157,9,50
31,-233,-75,5,-234,-214,-291,-243,71,-75,-42,-87,-304,156,153,50,72,50,-111,-136,-70,-56,-186,-88,-253,52,27,54,111,95,46,249,49,251,119,246,4,154,219,223,59,216,64,55,122,-47,82,-55,-64
32,-233,-32,5,-149,-159,-248,-243,65,-82,15,-30,-304,156,153,50,72,50,-105,-132,-2,-48,-119,-21,-186,52,27,54,111,95,54,254,86,370,186,112,-2,154,219,223,185,216,64,84,124,17,100,-14,-53
33,-233,-64,5,-186,-170,-216,-216,115,-34,7,-37,-304,156,153,50,72,50,-99,-128,2,-41,-116,-17,-244,52,27,54,111,95,95,296,80,504,193,123,24,154,219,223,185,216,64,67,135,67,102,45,-58
34,-233,-77,5,-186,-147,-173,-197,99,-53,-2,-45,-304,156,153,50,72,50,-32,-70,-54,-33,-113,-14,-237,52,27,54,111,95,95,357,88,438,180,164,10,154,219,223,185,216,64,131,197,80,92,-29,-55
35,-233,-77,5,-186,-147,-216,-213,80,-74,40,-54,-336,156,153,50,72,50,-155,-123,-46,-24,-110,-70,-230,52,27,54,111,95,95,299,96,438,136,180,17,154,219,223,185,216,64,65,133,65,33,-27,-114
36,-233,-77,5,-186,-147,-173,-198,162,-41,21,-11,-272,156,153,50,72,50,-32,-70,-81,-79,-46,-62,-222,52,27,54,111,95,95,357,50,438,143,191,-8,154,219,223,185,216,64,131,197,73,23,-29,-121
37,-298,-149,-45,-269,-147,-173,-198,108,-3,70,38,-244,71,-19,-32,-24,-73,-32,-70,47,63,-29,39,-122,-134,-117,-148,-119,-140,-65,357,174,438,261,246,122,79,160,89,101,117,24,32,91,18,151,33,5
38,-298,-153,-128,-278,-147,-173,-198,108,-3,70,38,-244,55,-6,-83,-75,-59,-92,-70,47,63,-29,39,-122,-198,-157,-176,-100,-121,-117,357,174,438,261,246,122,67,128,89,64,109,-40,32,91,18,151,33,5
39,-298,-112,-64,-274,-238,-173,-198,108,-3,70,38,-244,23,10,-67,13,-43,-84,-118,-37,63,-29,39,-122,-80,-74,-80,-20,-41,17,357,174,438,261,246,122,154,219,143,128,152,-16,32,144,-182,151,33,5
40,-233,-138,-64,-324,-208,-325,-198,108,-3,70,38,-244,-12,-11,-46,-62,-24,-130,-113,-27,63,-29,39,-122,-69,-110,-70,-60,-23,-36,357,174,438,261,246,122,57,99,77,64,144,-48,32,80,-123,151,33,5
41,-254,-115,-64,-277,-240,-333,-320,108,-3,70,38,-244,22,21,-46,-62,-56,-108,-165,-75,63,-166,39,-122,52,-91,-67,-35,-62,-26,85,174,438,261,246,122,154,99,105,87,128,-32,32,104,-113,151,33,5
42,-233,-77,5,-186,-240,-387,-323,-101,-3,70,38,-244,156,153,50,72,50,-134,-152,-57,-134,-218,-114,-122,52,27,54,111,95,-75,50,-15,47,261,246,122,154,219,223,65,216,-64,32,72,-117,69,-86,-48
43,-233,-128,-64,-277,-224,-173,-277,-37,-202,-88,-139,-314,156,153,50,72,50,-145,-138,-96,-114,-146,-100,-274,52,27,54,111,95,-32,357,3,207,31,-45,122,154,219,223,185,216,64,32,80,-96,53,-32,-39
44,-233,-77,5,-186,-147,-173,-198,-85,-202,-88,-139,-338,156,153,50,72,50,-32,-70,-82,-140,-136,-85,-262,52,27,54,111,95,95,357,23,279,48,36,-88,154,219,223,185,216,64,131,64,-64,32,-96,-55
45,-233,-77,5,-186,-256,-173,-277,-21,-202,-109,-139,-317,156,153,50,72,50,-32,-122,-83,-132,-127,-128,-307,52,27,54,111,95,0,357,9,453,67,-6,-71,154,219,223,185,216,64,131,197,0,0,-96,-119
46,-233,-77,5,-186,-147,-173,-277,-21,-234,-109,-171,-392,156,153,50,72,50,-32,-70,-144,-197,-233,-97,-406,52,27,54,111,95,95,357,-20,484,27,-40,-112,154,219,223,185,216,64,131,197,17,-64,-128,-135
47,-233,-77,5,-186,-147,-173,-198,-21,-170,-45,-107,-322,156,153,50,72,50,-32,-70,-81,63,-94,-101,-374,52,27,54,111,95,95,357,38,438,54,106,-88,154,219,223,185,216,64,131,197,67,-38,-64,-103
48,-233,-77,5,-186,-147,-173,-198,108,-3,70,38,-244,156,153,50,72,50,-32,-70,47,63,-29,39,-122,52,27,54,111,95,95,357,174,438,261,246,122,154,219,223,185,216,64,131,197,18,151,33,5
