,49,50,51,52,53,54,55,56,57,58,59,60,61,62,63,64,65,66,67,68,69,70,71,72,73,74,75,76,77,78,79,80,81,82,83,84,85,86,87,88,89,90,91,92,93,94,95,96
1,7331,6969,7130,7712,7383,8163,7384,8351,7771,7448,7170,7375,7683,7602,7208,7306,6932,7556,6861,7654,7397,7297,6739,7256,7609,6961,7492,7638,7976,7490,7570,7102,6601,7365,7182,7357,6552,6111,6546,6210,6308,6358,6630,7452,6815,7520,7171,7327
2,7080,6965,7084,7694,7274,7978,7164,8257,7705,7366,7085,7284,7684,7505,7158,7256,6840,7486,6808,7565,7232,7186,6632,7122,7614,6934,7458,7594,7919,7507,7502,6976,6626,7295,7121,7289,6517,5818,6490,6136,6259,6336,6550,7427,6819,7411,7062,7249
3,7233,6884,6972,7582,7226,7895,7246,8216,7704,7338,7070,7247,7598,7415,6994,7086,6763,7460,6704,7467,7148,7067,6498,6789,7836,6965,7426,7545,7871,7457,7449,6887,6723,7280,7124,7275,6430,5953,6329,6120,6118,6184,6532,7336,6753,7367,7013,7217
4,7244,7011,7145,7742,7123,7860,7035,8192,7710,7322,7070,7225,7590,7602,7218,6999,6679,7365,6681,7407,7155,6983,6420,6730,7867,7174,7700,7521,7781,7429,7400,6853,7053,7115,6988,7099,6371,5918,6540,6063,6263,6186,6408,7261,6710,7076,6734,7011
5,7189,6849,7081,7674,7067,7801,6986,7775,7670,7263,7026,7151,7805,7496,7162,7148,6866,7363,6593,7403,7114,6915,6349,6630,7840,7142,7672,7724,8043,7412,7381,6828,7035,7059,6967,7053,6463,5834,6450,6049,6173,6298,6440,7280,6684,7062,6789,7012
6,7183,6959,7051,7638,7057,7815,7004,7760,7660,7226,7022,7116,7803,7419,7143,7091,6847,7308,6561,7367,7108,6885,6346,6619,7834,7140,7667,7709,8029,7426,7391,6895,7021,7049,6974,7031,6341,5777,6269,6072,6119,6254,6415,7228,6695,7084,6747,6987
7,7246,7022,7093,7674,7208,8025,7172,8053,7726,7262,7092,7152,7866,7409,7202,7100,6908,7464,6714,7331,7119,6880,6311,6561,7888,7213,7738,7756,8090,7705,7625,6854,7038,7044,6997,7029,6430,5796,6407,6181,6133,6280,6571,7371,6723,7058,6787,7034
8,7249,7022,7081,7643,7171,7990,7155,7991,7431,6992,6872,6946,7870,7337,7201,7060,6901,7432,6693,7283,7109,6897,6308,6522,7874,7217,7735,7739,8084,7706,7619,6839,7087,6990,7023,7028,6382,5754,6359,6157,6088,6243,6434,7203,6691,7034,6757,7022
9,7279,7051,7086,7646,7163,7982,7166,7956,7484,7020,6958,6963,7892,7290,7219,7047,6928,7423,6705,7333,7204,6911,6353,6563,7872,7248,7756,7745,8095,7733,7632,6989,7133,7082,7075,7061,6356,5733,6330,6155,6058,6228,6554,7310,6822,7102,6760,7042
10,7348,7127,7132,7686,7197,8020,7226,7964,7819,7290,7005,7189,7952,7286,7288,7074,7009,7461,6761,7354,7206,6889,6395,6554,7898,7326,7807,7783,8146,7814,7689,7182,7185,7111,7080,7077,6374,5753,6351,6204,6075,6265,6472,7204,6846,7114,6809,7102
11,7409,7189,7171,7719,7218,8040,7268,7950,7653,7123,7036,7079,7993,7268,7340,7095,7068,7483,6812,7490,7200,6950,6435,6577,7903,7396,7844,7807,8176,7876,7722,7244,7189,7078,7133,7140,6371,5763,6348,6236,6072,6285,6625,7339,7112,7151,6863,7191
12,7543,7332,7273,7825,7316,8123,7397,8012,7753,7275,7290,7248,8097,7319,7463,7190,7214,7584,6940,7576,7450,7067,6537,6729,7960,7537,7939,7895,8278,8005,7825,7378,7979,7438,7511,7446,6431,5844,6413,6337,6129,6380,6730,7416,7276,7398,7027,7377
13,8990,8802,8987,9546,9168,9670,9109,10024,9550,9194,8988,9086,9539,9559,9065,9228,8837,9353,8769,9462,9142,9018,8425,8990,9011,8826,9387,9503,9832,9315,9351,8750,8289,9046,8957,9070,8396,7665,8320,7942,8115,8201,8480,9294,8691,9275,8925,9060
14,8979,8874,8957,9565,9124,9683,9065,10060,9536,9166,8958,9048,9614,9507,9048,9154,8823,9313,8718,9430,9114,8964,8377,8914,8988,8886,9429,9541,9802,9380,9354,8753,8384,9043,8958,9057,8411,7693,8343,7960,8096,8234,8454,9330,8690,9231,8867,9036
15,9009,8872,8966,9512,9111,9675,9058,10069,9554,9167,8964,9041,9658,9485,9041,9097,8832,9307,8700,9432,9119,8944,8361,8859,8945,8894,9423,9539,9802,9400,9383,8778,8511,9061,8991,9064,8351,7654,8298,7972,8046,8234,8466,9268,8719,9210,8845,9035
16,9026,8775,8848,9447,8996,9770,9042,10056,9566,9151,8968,9014,9632,9324,8934,8974,8719,9255,8615,9337,9088,8915,8338,8783,9027,8847,9349,9417,9688,9299,9417,8789,8622,9056,9013,9057,8261,7600,8150,7888,7958,8160,8396,9257,8737,9182,8815,9017
17,9048,8797,8958,9430,8992,9760,8940,9858,9586,9148,8984,9006,9673,9315,8944,9004,8721,9248,8607,9327,9104,8886,8292,8735,8814,8873,9315,9434,9723,9336,9380,8774,8985,9063,9046,9055,8223,7583,8179,7909,7888,8135,8400,9251,8775,9155,8799,8916
18,9062,8871,8948,9534,9038,9761,8996,9876,9594,9133,8990,8976,9747,9359,9067,9011,8812,9236,8606,9334,9109,8860,8278,8585,8809,8987,9527,9425,9697,9358,9419,8777,9047,9014,9077,9040,8269,7615,8200,7950,7961,8173,8396,9232,8750,9042,8683,8916
19,9085,8900,8958,9538,9034,9690,8945,9809,9439,9002,9004,8968,9781,9317,9089,8994,8828,9277,8579,9256,9135,8861,8233,8564,8790,9020,9555,9581,9878,9355,9389,8803,9062,8987,9074,9025,8254,7598,8185,7910,7945,8168,8382,9262,8812,9034,8686,8927
20,9080,8890,8923,9503,8981,9732,8999,9783,9567,9055,9040,8887,9765,9235,9078,8938,8825,9230,8609,9285,9164,8860,8294,8555,8818,9015,9544,9551,9852,9345,9424,8813,9070,9016,9131,9037,8203,7540,8128,7940,7889,8123,8411,9203,8831,9052,8710,8963
21,9104,8921,8928,9503,8976,9736,9006,9876,9537,9011,9023,8894,9788,9191,9099,8925,8849,9227,8624,9234,9124,8809,8226,8524,8820,9047,9556,9546,9863,9468,9372,8772,9066,8977,9101,8964,8188,7523,8111,7949,7866,8116,8407,9183,8920,8983,8650,8977
22,9128,8956,8939,9502,8966,9740,9014,9842,9638,9092,9075,8905,9808,9144,9121,8915,8886,9222,8636,9280,9224,8897,8288,8571,8841,9085,9563,9541,9871,9499,9445,8858,9167,9041,9182,9082,8173,7506,8092,7958,7846,8113,8411,9188,8956,9078,8775,9057
23,9135,8972,8925,9487,8939,9772,9008,9791,9599,9048,9054,8900,9801,9080,9129,8893,8902,9201,8630,9246,9236,8838,8241,8475,8885,9105,9545,9507,9851,9508,9456,8827,9532,9021,9144,9041,8133,7471,8048,7950,7796,8085,8388,9114,9018,9088,8696,9051
24,9156,9003,8924,9490,8917,9786,9015,9744,9680,9110,9056,8850,9800,9033,9142,8878,8941,9187,8647,9211,9207,8799,8204,8458,8936,9135,9528,9482,9836,9525,9441,8835,9670,8963,9153,8982,8098,7447,8013,7954,7759,8074,8377,9075,9072,9027,8698,9038
25,9109,9556,9332,8638,8885,7947,8947,8304,8851,9117,9591,9042,8610,8844,9423,9277,9851,8897,9538,8866,9319,9375,9574,9279,7310,8984,8239,8139,8339,8665,9014,9196,9983,9211,9519,9171,8928,9222,9062,9279,9068,8876,8780,8505,9471,9043,9385,9226
26,9040,9503,9287,8591,8853,7892,8912,8272,8797,9076,9553,9009,8459,8827,9379,9272,9819,8847,9512,8826,9278,9358,9553,9288,7176,8871,8167,8060,8267,8597,8942,9128,9908,9148,9451,9126,8885,9131,9046,9176,9057,8827,8732,8454,9563,9020,9376,9175
27,8990,9457,9217,8542,8817,7797,8963,8277,8785,9076,9543,9015,8350,8823,9310,9218,9741,8724,9464,8759,9266,9374,9565,9337,7137,8757,8075,8013,8216,8502,8908,9103,9777,9130,9417,9119,8849,9103,8981,9077,9020,8776,8668,8389,9366,9019,9392,9178
28,8936,9419,9224,8530,8842,7777,8880,8151,8673,9094,9547,9038,8277,8834,9249,9200,9705,8732,9428,8711,9263,9402,9585,9400,7068,8747,8066,7964,8155,8498,8889,9094,9657,9125,9395,9123,8809,9074,8987,9065,9047,8754,8678,8379,9302,9038,9350,9131
29,8966,9379,9205,8569,8879,7764,8871,8219,8698,9024,9462,8978,8281,8854,9286,9273,9750,8739,9485,8776,9113,9337,9448,9376,7097,8721,8091,8026,8182,8462,8669,8890,9456,9044,9288,9056,8867,9117,9022,9043,9074,8747,8690,8431,9312,9040,9358,9122
30,8896,9437,9255,8558,8890,7801,8940,8240,8676,9031,9453,8998,8266,8949,9298,9322,9746,8741,9500,8773,9099,9317,9466,9417,7056,8734,8046,8018,8254,8468,8657,8951,9094,8978,9258,9059,8884,9166,9084,9050,9103,8790,8700,8449,9323,9053,9377,9177
31,8924,9396,9275,8555,8896,7780,8931,8309,8645,8981,9370,9013,8334,9060,9332,9407,9785,8742,9500,8743,9078,9254,9465,9397,7099,8763,8084,8072,8232,8486,8698,8909,9063,8964,9280,8996,9011,9244,9151,9025,9174,8885,8700,8459,9294,9054,9376,9124
32,8914,9415,9283,8642,8970,7835,8936,8341,8622,9045,9413,9032,8319,9118,9320,9433,9770,8763,9513,8832,9067,9328,9542,9510,7104,8748,8076,8087,8233,8477,8695,8938,9052,9039,9118,8998,9030,9267,9179,9151,9201,8901,8738,8488,9315,9099,9434,9141
33,8900,9368,9287,8612,8984,7880,8972,8422,8662,9048,9395,9057,8313,9169,9315,9458,9752,8784,9521,8863,9062,9334,9556,9496,7124,8730,8077,8104,8237,8505,8738,8926,9059,9060,9105,9034,9050,9272,9207,9150,9233,8923,8735,8535,9320,9131,9511,9140
34,8926,9363,9328,8650,9064,7977,9033,8482,8666,9076,9399,9110,8340,9252,9341,9514,9762,8900,9618,8863,9088,9371,9609,9566,7180,8737,8117,8157,8283,8530,8836,8958,8898,9096,9154,9060,9103,9216,9266,9180,9297,8974,8853,8669,9316,9180,9483,9179
35,8909,9328,9321,8642,9078,7935,9010,8494,8616,9108,9373,9088,8328,9294,9316,9526,9731,8787,9552,8889,9071,9356,9547,9599,7206,8705,8121,8178,8284,8503,8784,8946,8754,9058,9141,9063,9125,9195,9286,9171,9321,8976,8795,8637,9242,9137,9489,9111
36,8987,9380,9416,8726,9189,8081,9121,8702,8723,9165,9482,9253,8411,9422,9394,9625,9780,9015,9688,8963,9083,9485,9651,9706,7334,8756,8232,8292,8388,8568,8947,8969,8700,9165,9212,9124,9227,9085,9400,9247,9424,9073,8958,8834,9286,9228,9580,9180
37,7395,7868,7621,6944,7319,6264,7338,6642,7165,7474,7849,7409,6772,7057,7690,7554,8062,7266,7859,7249,7655,7754,7980,7667,5514,7179,6446,6303,6543,6965,7354,7580,8372,7571,7807,7523,7252,7492,7379,7577,7391,7172,7029,6773,7899,7379,7729,7560
38,7275,7735,7439,6833,7235,6171,7250,6554,7068,7387,7753,7317,6629,7003,7547,7431,7985,7100,7768,7145,7555,7672,7902,7610,5322,7009,6290,6204,6441,6785,7225,7460,8159,7458,7686,7423,7157,7386,7305,7425,7308,7013,6930,6666,7765,7298,7660,7463
39,7157,7654,7419,6742,7061,6087,7164,6479,6970,7298,7664,7242,6475,6963,7468,7453,7912,7014,7639,6971,7464,7597,7824,7569,5323,6977,6267,6180,6406,6805,7106,7360,7956,7350,7568,7337,7170,7407,7290,7393,7282,6956,6842,6629,7442,7227,7598,7382
40,7179,7575,7389,6665,7066,5916,7149,6464,6943,7284,7632,7222,6387,6953,7457,7380,7899,6942,7628,6962,7423,7583,7809,7583,5284,6895,6229,6103,6381,6709,7053,7319,7812,7318,7509,7309,7062,7279,7215,7295,7266,6903,6821,6545,7438,7224,7596,7363
41,7074,7513,7329,6645,6992,5853,6971,6424,6868,7229,7566,7180,6342,6968,7386,7340,7801,6905,7526,6861,7350,7398,7763,7568,5327,6836,6153,6072,6267,6639,6701,7245,7634,7261,7421,7251,7111,7242,7199,7252,7210,6865,6770,6520,7346,7189,7556,7310
42,7069,7510,7384,6720,6993,5790,6953,6219,6848,7222,7556,7188,6440,7128,7455,7479,7881,6879,7530,6881,7129,7340,7606,7601,5305,6926,6246,6202,6397,6565,6633,7034,7102,7239,7376,7241,7111,7376,7319,7210,7297,6834,6765,6492,7290,7120,7443,7250
43,7045,7430,7307,6620,7014,6003,7004,6287,6627,7061,7358,7127,6417,7166,7437,7493,7856,6861,7542,6840,7127,7412,7613,7481,5293,6899,6226,6201,6381,6583,6914,7032,7126,7004,7047,7245,7114,7386,7331,7315,7312,6966,6767,6506,7259,7126,7508,7259
44,7069,7490,7418,6746,7145,6043,7127,6301,6651,7096,7394,7165,6442,7237,7464,7554,7872,7022,7650,6910,7121,7463,7675,7569,5331,6913,6253,6246,6416,6735,6945,7086,7112,7073,7133,7072,7163,7452,7383,7343,7371,7011,6913,6554,7282,7169,7497,7286
45,7081,7491,7445,6764,7080,6079,7079,6408,6661,7103,7416,7238,6448,7309,7479,7594,7873,7060,7626,6952,7143,7493,7663,7590,5365,6920,6279,6288,6443,6653,6966,7090,7183,7124,7089,7124,7203,7499,7424,7364,7416,7053,6949,6746,7324,7190,7535,7253
46,7148,7539,7521,6835,7279,6151,7163,6499,6686,7178,7458,7264,6512,7415,7540,7689,7922,7146,7761,6980,7131,7455,7771,7594,5456,6970,6355,6373,6524,6806,7041,7121,7157,7172,7101,7157,7291,7599,7520,7427,7511,7133,7037,6852,7365,7226,7586,7315
47,7192,7562,7569,6879,7349,6203,7304,6571,6780,7282,7578,7417,6559,7510,7577,7756,7940,7204,7812,7116,7434,7640,7832,7707,5531,6999,6418,6448,6582,6837,7098,7225,7032,7265,7275,7243,7351,7668,7592,7467,7583,7198,7102,6942,7414,7328,7711,7399
48,7280,7619,7671,6952,7464,6291,7406,6808,7015,7477,7807,7616,6636,7630,7660,7857,8001,7309,7906,7356,7511,7776,8067,8068,5651,7054,6531,6560,6687,6907,7207,7436,6992,7573,7482,7545,7456,7778,7703,7549,7700,7291,7203,7069,7394,7629,7904,7591
