,49,50,51,52,53,54,55,56,57,58,59,60,61,62,63,64,65,66,67,68,69,70,71,72,73,74,75,76,77,78,79,80,81,82,83,84,85,86,87,88,89,90,91,92,93,94,95,96
1,46,414,-268,559,-695,518,-238,416,-239,337,-360,593,-208,298,-374,518,-416,661,-622,837,-302,412,-477,645,-93,252,-396,439,-438,483,-665,268,-447,434,-353,598,455,-355,230,-110,250,-122,-107,183,-260,-99,55,18
2,-22,331,-336,595,-648,876,-643,416,-239,337,-360,593,-272,381,-443,584,-448,704,-686,805,-856,412,-477,645,-181,243,-502,487,-422,466,-689,812,-447,434,-353,598,372,-364,149,-110,128,-90,-104,242,-371,-99,55,18
3,46,296,-208,438,-533,640,-238,416,-239,337,-360,593,-148,265,-323,459,-372,560,-507,714,-821,919,-948,1091,-84,179,-362,414,-349,329,-586,713,-447,434,-353,598,423,-355,249,-169,267,-150,-40,144,-231,-99,55,18
4,46,227,-198,429,-443,555,-479,416,-239,337,-360,593,-123,326,-309,361,-284,514,-405,628,-667,763,-794,995,-84,168,-353,318,-250,260,-486,559,-920,837,-824,934,495,-355,207,-221,211,-220,21,51,-157,135,-208,218
5,46,22,-198,429,-301,435,-255,544,-239,337,-360,593,-184,326,-309,483,-345,391,-275,475,-525,619,-652,789,-84,168,-353,367,-299,137,-373,417,-830,626,-725,841,419,-355,207,-399,211,-119,131,-24,-86,4,-74,88
6,46,227,-198,429,-284,432,-284,552,-239,337,-360,593,-184,326,-309,483,-345,322,-216,433,-453,601,-636,773,-84,168,-353,367,-299,143,-293,401,-798,661,-687,809,594,-355,329,-317,211,-119,112,-33,-19,1,-69,85
7,46,227,-198,429,-407,518,-238,416,-239,337,-360,593,-184,326,-309,483,-345,490,-336,299,-334,446,-508,672,-84,168,-353,367,-299,245,-267,273,-670,517,-473,603,419,-355,207,-172,211,-119,54,40,105,-124,59,-40
8,46,227,-198,429,-407,518,-238,416,-248,337,-424,624,-184,326,-309,483,-345,490,-336,206,-215,370,-401,587,-84,168,-353,367,-299,245,-267,182,-555,389,-337,531,419,-355,207,-172,211,-119,373,-293,221,-302,120,-98
9,46,227,-198,429,-407,518,-238,416,-199,317,-422,622,-184,326,-309,483,-345,490,-336,217,-248,311,-370,549,-84,168,-353,367,-299,245,-267,114,-498,389,-328,522,419,-355,207,-172,211,-119,54,40,224,-288,178,-92
10,46,227,-198,429,-407,518,-238,416,-239,337,-299,593,-184,326,-309,483,-345,490,-336,44,-18,234,-297,398,-84,168,-353,367,-299,245,-267,268,-363,258,-177,404,419,-355,207,-172,211,-119,535,-449,437,-328,292,-207
11,46,227,-198,429,-407,518,-238,416,-126,228,-358,530,-184,326,-309,483,-345,490,-336,404,-63,240,-366,417,-84,168,-353,367,-299,245,-267,268,-324,187,-169,414,419,-355,207,-172,211,-119,54,40,74,-347,294,-230
12,46,227,-198,429,-407,518,-238,416,-56,155,-308,528,-184,326,-309,483,-345,490,-336,404,9,164,-291,407,-84,168,-353,367,-299,245,-267,268,-447,434,-353,598,419,-355,207,-172,211,-119,54,40,74,-99,55,18
13,-83,523,-382,674,-407,518,-238,416,-239,337,-360,593,-331,384,-448,698,-576,490,-336,404,-302,412,-477,645,-192,384,-528,510,-498,553,-267,268,-447,434,-353,598,316,-272,149,22,134,-27,-224,298,74,-99,55,18
14,-10,403,-308,586,-407,518,-238,416,-239,337,-360,593,-271,421,-424,582,-469,755,-336,404,-302,412,-477,645,-160,224,-480,523,-447,510,-267,268,-447,434,-353,598,359,-304,125,-49,140,-32,-152,227,74,-99,55,18
15,1,358,-297,560,-407,518,-238,416,-239,337,-360,593,-266,357,-370,550,-400,703,-336,404,-302,412,-477,645,-96,224,-416,459,-383,462,-267,268,-447,434,-353,598,316,-304,114,-57,147,-38,-143,220,74,-99,55,18
16,46,171,-88,361,-471,600,-238,416,-239,337,-360,593,-144,230,-237,396,-256,512,-395,651,-718,412,-477,645,-24,64,-288,288,-212,298,-494,268,-447,434,-353,598,500,-446,230,-176,323,-217,-15,92,-210,-99,55,18
17,46,104,-198,246,-372,472,-311,623,-239,337,-360,593,-37,159,-67,261,-128,384,-288,544,-539,683,-683,645,-84,0,-160,224,-148,202,-430,486,-734,434,-353,598,517,-521,363,-325,383,-228,103,32,-72,-99,55,231
18,46,227,-198,429,-407,356,-243,536,-239,337,-360,593,-184,326,-309,483,-345,328,-192,448,-427,523,-587,773,-84,168,-353,96,-20,112,-251,384,-606,594,-627,728,419,-355,207,-367,211,-119,209,-83,26,-32,-85,99
19,46,227,-198,429,-407,518,-120,438,-338,483,-554,593,-184,326,-309,483,-345,490,-128,384,-320,480,-544,730,-84,168,-353,367,-299,32,-139,288,-538,543,-478,717,419,-355,207,-357,211,-119,240,40,117,-32,-17,95
20,46,227,-198,429,-407,518,-238,294,-244,382,-418,656,-184,326,-309,483,-345,490,-336,251,-256,384,-448,634,-84,168,-353,367,-299,-96,-32,224,-414,447,-324,622,419,-355,207,-172,211,-119,54,40,169,-152,107,-29
21,46,227,-198,429,-407,518,-238,416,-216,291,-413,592,-184,326,-309,483,-345,490,-336,148,-128,320,-384,570,-84,168,-353,367,-299,245,64,160,-358,404,-292,526,419,-355,207,-172,211,-119,54,40,74,-202,163,-84
22,46,227,-198,429,-407,518,-238,416,-161,297,-408,592,-184,326,-309,483,-345,490,-336,164,-144,316,-396,575,-84,168,-353,367,-299,245,128,96,-308,340,-292,526,419,-355,207,-172,211,-119,54,-367,387,-246,154,-75
23,46,227,-198,429,-407,518,-238,416,-22,160,-286,480,-184,326,-309,483,-345,490,-336,90,-33,198,-258,442,-84,168,-353,367,-299,245,-267,-44,-447,212,-148,398,419,-355,207,-172,211,-119,54,40,74,-342,262,-302
24,46,227,-198,429,-407,518,-238,416,-239,337,-177,443,-184,326,-309,483,-345,490,-336,-58,27,85,-156,303,-84,168,-353,367,-299,245,-267,-213,-447,82,-52,270,419,-355,207,-172,211,-119,54,40,74,-540,358,-387
25,-28,443,-402,633,-751,883,-656,416,-239,337,-360,593,-341,474,-418,634,-456,883,-709,404,-302,412,-477,645,-211,364,-549,494,-495,518,-267,268,-447,434,-353,598,284,-244,109,33,113,25,-221,263,-339,-99,55,18
26,-37,432,-261,578,-652,771,-614,416,-239,337,-360,593,-323,461,-405,622,-447,740,-691,404,-302,412,-477,645,-152,272,-458,503,-443,509,-267,268,-447,434,-353,598,325,-243,103,-50,102,9,-144,253,74,-99,55,18
27,93,278,-190,481,-544,669,-238,416,-239,337,-360,593,-195,361,-334,522,-349,604,-551,793,-302,412,-477,645,-59,172,-357,390,-318,395,-267,268,-447,434,-353,598,389,-362,222,-114,191,-92,-73,183,-179,330,55,18
28,91,296,-182,478,-496,661,-451,881,-703,337,-360,593,-195,329,-326,490,-317,596,-477,781,-302,412,-477,645,-34,142,-298,382,-291,382,-267,268,-447,434,-353,598,398,-329,197,-125,191,-100,-65,205,-252,302,-375,358
29,164,171,-118,354,-383,554,-412,724,-607,337,-360,593,-99,220,-207,380,-258,497,-376,647,-539,412,-785,645,14,56,-187,306,-193,283,-426,596,-447,434,-353,598,462,-434,261,-204,271,-171,17,109,-81,214,-279,332
30,46,59,-16,213,-312,452,-256,574,-456,594,-360,593,44,148,-309,247,-148,347,-250,489,-472,592,-652,887,-84,-74,-353,123,-55,143,-264,461,-477,703,-353,598,540,-475,207,-282,211,-302,107,-28,21,132,-130,190
31,46,-32,-198,149,-248,356,-112,435,-430,591,-524,742,-184,326,-309,483,-345,358,-162,399,-347,525,-524,817,-84,168,-353,367,-299,67,-177,382,-403,588,-353,722,419,-355,207,-288,211,-119,210,-80,70,44,-50,174
32,46,-96,-198,64,-193,313,-94,364,-288,449,-447,716,-184,326,-309,483,-345,253,-110,346,-291,430,-463,750,-84,168,-353,367,-299,9,-57,304,-336,460,-432,734,419,-355,207,-172,211,-119,222,-134,128,-50,-4,101
33,46,-128,-198,429,-150,249,-19,329,-272,377,-433,684,-184,326,-309,483,-345,163,-63,297,-238,401,-466,686,-84,168,-353,367,-299,-65,-23,219,-285,508,-374,661,419,-355,207,-172,211,-119,296,-209,255,-81,92,50
34,46,227,-198,429,-407,518,45,185,-116,258,-305,556,-184,326,-309,483,-345,490,-336,193,-70,283,-349,564,-84,168,-353,367,-299,245,-267,106,-447,343,-246,533,419,-355,207,-172,211,-119,54,40,448,-188,161,-89
35,46,227,-198,429,-407,121,117,148,-95,215,-333,556,-184,326,-309,483,-345,58,38,159,-95,232,-360,572,-84,168,-353,367,-299,-241,207,2,-447,323,-246,536,419,-355,207,-172,211,-119,455,-370,387,-306,156,-85
36,46,227,-198,429,-407,518,-238,57,-132,235,-274,556,-184,326,-309,483,-345,490,-336,55,13,126,-312,459,-84,168,-353,367,-299,245,-267,-103,-447,210,-133,483,419,-355,207,-172,211,-119,54,40,550,-400,302,-222
37,48,434,-278,625,-407,518,-238,416,-239,337,-360,593,-270,401,-324,562,-397,490,-336,404,-302,412,-477,645,-59,243,-408,430,-421,509,-267,268,-447,434,-353,598,384,-288,178,-59,179,-17,-111,277,74,-99,55,18
38,80,323,-240,583,-407,518,-238,416,-239,337,-360,593,-238,388,-363,549,-390,661,-336,404,-302,412,-477,645,-16,179,-348,425,-352,436,-267,268,-447,434,-353,598,384,-320,178,-64,171,-43,-196,305,74,-99,55,18
39,144,299,-192,451,-489,518,-238,416,-239,337,-360,593,-174,336,-235,485,-270,589,-464,785,-302,412,-477,645,-29,150,-268,332,-229,366,-267,268,-447,434,-353,598,419,-355,225,-128,224,-99,-43,262,-186,-99,55,18
40,46,255,-128,428,-432,559,-238,416,-239,337,-360,593,-85,320,-192,442,-280,580,-454,712,-302,412,-477,645,35,68,-242,305,-177,298,-267,268,-447,434,-353,598,448,-363,213,-128,256,-152,-107,211,-120,-99,55,18
41,158,149,-64,320,-384,499,-300,416,-239,337,-360,593,-5,256,-64,314,-237,463,-384,642,-302,690,-477,645,-84,56,-111,254,-132,234,-372,268,-447,434,-353,598,419,-406,317,-174,320,-176,64,99,-56,-99,55,18
42,46,227,-198,429,-320,418,-223,660,-239,337,-360,593,-184,326,-309,483,-345,373,-262,520,-420,558,-628,645,-84,168,-353,367,-299,174,-249,446,-330,434,-353,598,419,-355,207,-262,211,-256,128,-8,21,149,-218,290
43,46,-64,192,64,-192,518,-64,379,-261,446,-357,652,-184,326,-309,483,-345,222,-99,354,-248,435,-445,775,-84,168,-353,367,-299,16,-267,263,-220,526,-389,598,419,-355,207,-172,211,-119,256,-144,192,53,-11,137
44,46,227,-198,429,-407,518,-238,395,-229,414,-389,654,-184,326,-309,483,-345,490,-336,367,-253,380,-455,770,-84,168,-353,367,-299,245,-267,273,-156,521,-389,709,419,-355,207,-172,211,-119,54,-128,256,-32,21,105
45,46,227,-198,429,-64,518,32,288,-144,371,-304,592,-184,326,-309,483,-345,490,-19,261,-197,390,-407,647,-84,168,-353,367,-299,-96,-267,212,-120,398,-271,641,419,-355,207,-172,211,-119,54,40,384,-64,64,62
46,46,227,-198,429,-407,518,96,192,-112,275,-272,560,-184,326,-309,483,-345,490,-336,164,-72,283,-391,593,-84,168,-353,367,-299,245,-267,95,-27,344,-221,577,419,-355,207,-172,211,-119,54,40,368,-128,128,-18
47,46,227,-198,429,-407,518,-238,128,-48,211,-208,534,-184,326,-309,483,-345,490,-336,97,-302,190,-313,486,-84,168,-353,367,-299,245,-267,-59,-447,296,-191,518,419,-355,207,-172,211,-119,54,40,528,-257,256,-114
48,46,227,-198,429,-407,518,-238,416,-239,337,-360,593,-184,326,-309,483,-345,490,-336,404,-302,412,-477,645,-84,168,-353,367,-299,245,-267,268,-447,434,-353,598,419,-355,207,-172,211,-119,54,40,74,-99,55,18
